"subjID" "trial" "choice" "reward"
"1" 1 1 2 -1
"2" 1 2 1 -1
"3" 1 3 2 1
"4" 1 4 2 -1
"5" 1 5 1 1
"6" 1 6 2 -1
"7" 1 7 1 1
"8" 1 8 1 1
"9" 1 9 1 -1
"10" 1 10 1 -1
"11" 1 11 2 1
"12" 1 12 2 1
"13" 1 13 2 1
"14" 1 14 2 1
"15" 1 15 1 -1
"16" 1 16 2 1
"17" 1 17 1 -1
"18" 1 18 2 -1
"19" 1 19 2 -1
"20" 1 20 1 1
"21" 1 21 2 -1
"22" 1 22 1 1
"23" 1 23 1 -1
"24" 1 24 1 1
"25" 1 25 2 -1
"26" 1 26 2 -1
"27" 1 27 1 -1
"28" 1 28 1 1
"29" 1 29 1 -1
"30" 1 30 2 1
"31" 1 31 2 -1
"32" 1 32 1 -1
"33" 1 33 1 -1
"34" 1 34 2 1
"35" 1 35 2 1
"36" 1 36 1 -1
"37" 1 37 2 -1
"38" 1 38 NA 1
"39" 1 39 2 1
"40" 1 40 2 -1
"41" 1 41 1 1
"42" 1 42 1 -1
"43" 1 43 1 -1
"44" 1 44 2 1
"45" 1 45 1 1
"46" 1 46 1 1
"47" 1 47 1 1
"48" 1 48 NA 1
"49" 1 49 2 -1
"50" 1 50 2 -1
"51" 1 51 1 1
"52" 1 52 1 -1
"53" 1 53 1 1
"54" 1 54 1 1
"55" 1 55 1 -1
"56" 1 56 2 1
"57" 1 57 2 -1
"58" 1 58 1 -1
"59" 1 59 NA 1
"60" 1 60 2 1
"61" 1 61 1 -1
"62" 1 62 1 -1
"63" 1 63 2 -1
"64" 1 64 1 1
"65" 1 65 1 1
"66" 1 66 1 -1
"67" 1 67 NA -1
"68" 1 68 1 -1
"69" 1 69 2 1
"70" 1 70 1 -1
"71" 1 71 2 -1
"72" 1 72 2 1
"73" 1 73 2 1
"74" 1 74 2 1
"75" 1 75 2 1
"76" 1 76 2 -1
"77" 1 77 2 1
"78" 1 78 1 -1
"79" 1 79 2 1
"80" 1 80 2 1
"81" 1 81 2 1
"82" 1 82 2 -1
"83" 1 83 1 1
"84" 1 84 1 -1
"85" 1 85 2 -1
"86" 1 86 1 1
"87" 1 87 1 1
"88" 1 88 1 1
"89" 1 89 2 -1
"90" 1 90 NA -1
"91" 1 91 1 -1
"92" 1 92 2 1
"93" 1 93 2 1
"94" 1 94 2 1
"95" 1 95 2 1
"96" 1 96 2 -1
"97" 1 97 2 1
"98" 1 98 2 1
"99" 1 99 2 -1
"100" 1 100 2 1
"101" 2 1 1 1
"102" 2 2 NA -1
"103" 2 3 2 1
"104" 2 4 2 -1
"105" 2 5 1 -1
"106" 2 6 2 1
"107" 2 7 1 1
"108" 2 8 1 -1
"109" 2 9 1 -1
"110" 2 10 2 -1
"111" 2 11 2 1
"112" 2 12 2 1
"113" 2 13 2 -1
"114" 2 14 1 -1
"115" 2 15 NA -1
"116" 2 16 2 1
"117" 2 17 2 1
"118" 2 18 2 1
"119" 2 19 2 1
"120" 2 20 2 1
"121" 2 21 2 1
"122" 2 22 1 1
"123" 2 23 1 1
"124" 2 24 1 -1
"125" 2 25 1 -1
"126" 2 26 2 -1
"127" 2 27 2 -1
"128" 2 28 1 1
"129" 2 29 1 1
"130" 2 30 1 -1
"131" 2 31 2 -1
"132" 2 32 2 1
"133" 2 33 2 -1
"134" 2 34 1 -1
"135" 2 35 2 1
"136" 2 36 1 -1
"137" 2 37 2 1
"138" 2 38 2 1
"139" 2 39 2 -1
"140" 2 40 1 -1
"141" 2 41 2 -1
"142" 2 42 1 -1
"143" 2 43 2 -1
"144" 2 44 1 1
"145" 2 45 1 1
"146" 2 46 1 1
"147" 2 47 1 -1
"148" 2 48 1 1
"149" 2 49 1 1
"150" 2 50 1 1
"151" 2 51 1 1
"152" 2 52 2 -1
"153" 2 53 1 -1
"154" 2 54 2 1
"155" 2 55 1 -1
"156" 2 56 2 1
"157" 2 57 2 1
"158" 2 58 2 1
"159" 2 59 2 1
"160" 2 60 2 -1
"161" 2 61 1 -1
"162" 2 62 2 1
"163" 2 63 2 1
"164" 2 64 2 -1
"165" 2 65 1 1
"166" 2 66 1 -1
"167" 2 67 2 1
"168" 2 68 1 1
"169" 2 69 1 1
"170" 2 70 1 -1
"171" 2 71 2 -1
"172" 2 72 1 -1
"173" 2 73 NA 1
"174" 2 74 2 -1
"175" 2 75 2 1
"176" 2 76 1 -1
"177" 2 77 1 -1
"178" 2 78 2 1
"179" 2 79 2 1
"180" 2 80 2 -1
"181" 2 81 2 1
"182" 2 82 2 1
"183" 2 83 2 -1
"184" 2 84 1 -1
"185" 2 85 1 1
"186" 2 86 2 -1
"187" 2 87 2 -1
"188" 2 88 1 -1
"189" 2 89 1 1
"190" 2 90 1 1
"191" 2 91 NA 1
"192" 2 92 1 1
"193" 2 93 2 1
"194" 2 94 1 1
"195" 2 95 1 1
"196" 2 96 2 1
"197" 2 97 1 1
"198" 2 98 1 -1
"199" 2 99 2 1
"200" 2 100 2 1
"201" 3 1 1 1
"202" 3 2 1 1
"203" 3 3 1 -1
"204" 3 4 2 -1
"205" 3 5 1 1
"206" 3 6 1 1
"207" 3 7 1 1
"208" 3 8 1 -1
"209" 3 9 1 -1
"210" 3 10 2 -1
"211" 3 11 1 -1
"212" 3 12 2 -1
"213" 3 13 2 -1
"214" 3 14 1 -1
"215" 3 15 1 1
"216" 3 16 1 -1
"217" 3 17 1 -1
"218" 3 18 2 1
"219" 3 19 2 -1
"220" 3 20 2 -1
"221" 3 21 2 -1
"222" 3 22 2 1
"223" 3 23 2 -1
"224" 3 24 1 1
"225" 3 25 2 -1
"226" 3 26 2 1
"227" 3 27 2 1
"228" 3 28 2 -1
"229" 3 29 2 -1
"230" 3 30 1 -1
"231" 3 31 1 -1
"232" 3 32 2 1
"233" 3 33 2 1
"234" 3 34 1 1
"235" 3 35 1 -1
"236" 3 36 2 1
"237" 3 37 2 1
"238" 3 38 2 1
"239" 3 39 2 1
"240" 3 40 2 -1
"241" 3 41 2 1
"242" 3 42 2 1
"243" 3 43 2 -1
"244" 3 44 1 1
"245" 3 45 1 1
"246" 3 46 1 1
"247" 3 47 1 1
"248" 3 48 1 -1
"249" 3 49 1 1
"250" 3 50 2 -1
"251" 3 51 1 -1
"252" 3 52 2 1
"253" 3 53 2 1
"254" 3 54 2 1
"255" 3 55 2 -1
"256" 3 56 2 1
"257" 3 57 1 -1
"258" 3 58 1 -1
"259" 3 59 2 1
"260" 3 60 2 1
"261" 3 61 2 1
"262" 3 62 2 1
"263" 3 63 2 -1
"264" 3 64 2 -1
"265" 3 65 2 -1
"266" 3 66 1 1
"267" 3 67 1 -1
"268" 3 68 1 1
"269" 3 69 NA -1
"270" 3 70 1 1
"271" 3 71 1 1
"272" 3 72 1 -1
"273" 3 73 2 1
"274" 3 74 2 -1
"275" 3 75 2 1
"276" 3 76 2 -1
"277" 3 77 1 1
"278" 3 78 1 1
"279" 3 79 1 1
"280" 3 80 1 -1
"281" 3 81 1 -1
"282" 3 82 2 1
"283" 3 83 2 -1
"284" 3 84 2 -1
"285" 3 85 2 -1
"286" 3 86 1 1
"287" 3 87 1 1
"288" 3 88 2 1
"289" 3 89 2 1
"290" 3 90 2 -1
"291" 3 91 1 1
"292" 3 92 1 -1
"293" 3 93 1 1
"294" 3 94 1 1
"295" 3 95 1 1
"296" 3 96 1 -1
"297" 3 97 1 -1
"298" 3 98 2 1
"299" 3 99 2 1
"300" 3 100 2 1
"301" 4 1 1 1
"302" 4 2 2 -1
"303" 4 3 1 1
"304" 4 4 1 -1
"305" 4 5 1 1
"306" 4 6 1 1
"307" 4 7 2 -1
"308" 4 8 1 -1
"309" 4 9 2 1
"310" 4 10 1 -1
"311" 4 11 2 1
"312" 4 12 2 1
"313" 4 13 2 -1
"314" 4 14 2 1
"315" 4 15 2 -1
"316" 4 16 1 1
"317" 4 17 1 1
"318" 4 18 1 -1
"319" 4 19 1 -1
"320" 4 20 2 1
"321" 4 21 1 -1
"322" 4 22 2 -1
"323" 4 23 1 -1
"324" 4 24 2 1
"325" 4 25 2 -1
"326" 4 26 2 1
"327" 4 27 2 -1
"328" 4 28 1 1
"329" 4 29 1 -1
"330" 4 30 1 -1
"331" 4 31 2 1
"332" 4 32 2 1
"333" 4 33 2 1
"334" 4 34 2 1
"335" 4 35 2 -1
"336" 4 36 2 1
"337" 4 37 1 -1
"338" 4 38 2 1
"339" 4 39 2 -1
"340" 4 40 1 1
"341" 4 41 1 1
"342" 4 42 2 -1
"343" 4 43 1 1
"344" 4 44 1 -1
"345" 4 45 2 -1
"346" 4 46 1 1
"347" 4 47 1 1
"348" 4 48 1 1
"349" 4 49 1 1
"350" 4 50 1 1
"351" 4 51 1 -1
"352" 4 52 2 1
"353" 4 53 2 1
"354" 4 54 2 1
"355" 4 55 2 1
"356" 4 56 2 1
"357" 4 57 2 1
"358" 4 58 2 -1
"359" 4 59 2 1
"360" 4 60 1 1
"361" 4 61 1 -1
"362" 4 62 2 -1
"363" 4 63 1 1
"364" 4 64 2 -1
"365" 4 65 1 1
"366" 4 66 1 1
"367" 4 67 1 -1
"368" 4 68 1 1
"369" 4 69 1 1
"370" 4 70 1 -1
"371" 4 71 1 1
"372" 4 72 1 -1
"373" 4 73 1 1
"374" 4 74 1 1
"375" 4 75 2 1
"376" 4 76 1 1
"377" 4 77 1 -1
"378" 4 78 2 1
"379" 4 79 1 1
"380" 4 80 1 -1
"381" 4 81 2 1
"382" 4 82 2 -1
"383" 4 83 1 -1
"384" 4 84 2 -1
"385" 4 85 1 1
"386" 4 86 1 1
"387" 4 87 1 1
"388" 4 88 1 1
"389" 4 89 1 1
"390" 4 90 1 1
"391" 4 91 1 1
"392" 4 92 1 1
"393" 4 93 1 -1
"394" 4 94 1 1
"395" 4 95 NA 1
"396" 4 96 1 1
"397" 4 97 1 -1
"398" 4 98 NA -1
"399" 4 99 1 -1
"400" 4 100 2 -1
"401" 5 1 1 1
"402" 5 2 1 -1
"403" 5 3 2 -1
"404" 5 4 1 -1
"405" 5 5 1 1
"406" 5 6 1 1
"407" 5 7 1 1
"408" 5 8 1 -1
"409" 5 9 2 1
"410" 5 10 2 -1
"411" 5 11 1 -1
"412" 5 12 2 -1
"413" 5 13 1 -1
"414" 5 14 2 1
"415" 5 15 1 -1
"416" 5 16 1 -1
"417" 5 17 2 -1
"418" 5 18 1 1
"419" 5 19 2 -1
"420" 5 20 1 -1
"421" 5 21 2 1
"422" 5 22 1 -1
"423" 5 23 1 1
"424" 5 24 2 1
"425" 5 25 NA -1
"426" 5 26 2 1
"427" 5 27 1 1
"428" 5 28 1 -1
"429" 5 29 2 1
"430" 5 30 2 -1
"431" 5 31 2 1
"432" 5 32 2 1
"433" 5 33 2 1
"434" 5 34 2 1
"435" 5 35 2 1
"436" 5 36 2 1
"437" 5 37 2 -1
"438" 5 38 2 1
"439" 5 39 2 -1
"440" 5 40 2 -1
"441" 5 41 1 -1
"442" 5 42 2 -1
"443" 5 43 1 1
"444" 5 44 1 -1
"445" 5 45 2 -1
"446" 5 46 1 1
"447" 5 47 1 -1
"448" 5 48 1 1
"449" 5 49 1 -1
"450" 5 50 2 -1
"451" 5 51 1 1
"452" 5 52 2 1
"453" 5 53 2 -1
"454" 5 54 NA 1
"455" 5 55 1 1
"456" 5 56 1 1
"457" 5 57 1 1
"458" 5 58 1 1
"459" 5 59 1 -1
"460" 5 60 1 -1
"461" 5 61 2 1
"462" 5 62 2 -1
"463" 5 63 1 1
"464" 5 64 2 -1
"465" 5 65 1 1
"466" 5 66 1 1
"467" 5 67 1 1
"468" 5 68 1 -1
"469" 5 69 1 -1
"470" 5 70 2 -1
"471" 5 71 1 -1
"472" 5 72 2 1
"473" 5 73 1 -1
"474" 5 74 2 1
"475" 5 75 2 1
"476" 5 76 1 -1
"477" 5 77 2 1
"478" 5 78 2 1
"479" 5 79 2 -1
"480" 5 80 2 1
"481" 5 81 2 1
"482" 5 82 2 1
"483" 5 83 1 -1
"484" 5 84 1 1
"485" 5 85 2 -1
"486" 5 86 1 -1
"487" 5 87 2 -1
"488" 5 88 1 -1
"489" 5 89 1 1
"490" 5 90 1 1
"491" 5 91 1 1
"492" 5 92 1 1
"493" 5 93 2 -1
"494" 5 94 1 1
"495" 5 95 1 -1
"496" 5 96 2 1
"497" 5 97 1 1
"498" 5 98 2 1
"499" 5 99 1 -1
"500" 5 100 2 1
"501" 6 1 2 1
"502" 6 2 2 1
"503" 6 3 2 1
"504" 6 4 2 1
"505" 6 5 2 -1
"506" 6 6 2 1
"507" 6 7 2 -1
"508" 6 8 1 -1
"509" 6 9 1 -1
"510" 6 10 2 1
"511" 6 11 2 1
"512" 6 12 2 1
"513" 6 13 2 -1
"514" 6 14 1 -1
"515" 6 15 2 1
"516" 6 16 1 -1
"517" 6 17 2 1
"518" 6 18 2 1
"519" 6 19 2 1
"520" 6 20 2 1
"521" 6 21 2 -1
"522" 6 22 2 1
"523" 6 23 2 -1
"524" 6 24 1 -1
"525" 6 25 2 -1
"526" 6 26 2 1
"527" 6 27 1 1
"528" 6 28 1 1
"529" 6 29 1 -1
"530" 6 30 2 1
"531" 6 31 1 -1
"532" 6 32 1 -1
"533" 6 33 2 -1
"534" 6 34 1 -1
"535" 6 35 2 -1
"536" 6 36 2 1
"537" 6 37 NA -1
"538" 6 38 2 1
"539" 6 39 2 1
"540" 6 40 1 -1
"541" 6 41 2 -1
"542" 6 42 2 -1
"543" 6 43 2 -1
"544" 6 44 1 1
"545" 6 45 2 -1
"546" 6 46 1 -1
"547" 6 47 1 1
"548" 6 48 1 1
"549" 6 49 1 -1
"550" 6 50 1 1
"551" 6 51 1 -1
"552" 6 52 1 -1
"553" 6 53 1 1
"554" 6 54 1 -1
"555" 6 55 2 1
"556" 6 56 2 1
"557" 6 57 2 1
"558" 6 58 2 -1
"559" 6 59 1 1
"560" 6 60 1 1
"561" 6 61 1 -1
"562" 6 62 2 -1
"563" 6 63 1 -1
"564" 6 64 1 -1
"565" 6 65 1 -1
"566" 6 66 2 -1
"567" 6 67 2 -1
"568" 6 68 2 -1
"569" 6 69 1 1
"570" 6 70 2 1
"571" 6 71 1 -1
"572" 6 72 2 -1
"573" 6 73 2 1
"574" 6 74 1 -1
"575" 6 75 1 -1
"576" 6 76 2 1
"577" 6 77 1 -1
"578" 6 78 2 1
"579" 6 79 2 1
"580" 6 80 2 1
"581" 6 81 NA -1
"582" 6 82 2 1
"583" 6 83 1 1
"584" 6 84 2 -1
"585" 6 85 2 1
"586" 6 86 2 -1
"587" 6 87 1 1
"588" 6 88 2 -1
"589" 6 89 NA 1
"590" 6 90 2 1
"591" 6 91 1 1
"592" 6 92 1 -1
"593" 6 93 2 -1
"594" 6 94 1 1
"595" 6 95 1 -1
"596" 6 96 1 -1
"597" 6 97 2 1
"598" 6 98 2 -1
"599" 6 99 1 -1
"600" 6 100 2 -1
"601" 7 1 2 -1
"602" 7 2 2 -1
"603" 7 3 1 1
"604" 7 4 1 -1
"605" 7 5 2 -1
"606" 7 6 2 -1
"607" 7 7 1 1
"608" 7 8 2 -1
"609" 7 9 1 -1
"610" 7 10 1 -1
"611" 7 11 2 -1
"612" 7 12 2 1
"613" 7 13 1 1
"614" 7 14 1 -1
"615" 7 15 1 -1
"616" 7 16 2 -1
"617" 7 17 1 -1
"618" 7 18 2 1
"619" 7 19 NA -1
"620" 7 20 1 1
"621" 7 21 2 -1
"622" 7 22 1 1
"623" 7 23 1 1
"624" 7 24 1 -1
"625" 7 25 2 -1
"626" 7 26 1 -1
"627" 7 27 1 -1
"628" 7 28 1 1
"629" 7 29 1 -1
"630" 7 30 1 -1
"631" 7 31 1 1
"632" 7 32 1 -1
"633" 7 33 2 1
"634" 7 34 1 1
"635" 7 35 2 1
"636" 7 36 2 1
"637" 7 37 2 1
"638" 7 38 1 -1
"639" 7 39 1 1
"640" 7 40 1 -1
"641" 7 41 2 1
"642" 7 42 2 -1
"643" 7 43 1 1
"644" 7 44 1 1
"645" 7 45 2 -1
"646" 7 46 1 1
"647" 7 47 2 -1
"648" 7 48 2 -1
"649" 7 49 1 1
"650" 7 50 1 1
"651" 7 51 1 -1
"652" 7 52 1 -1
"653" 7 53 2 -1
"654" 7 54 1 -1
"655" 7 55 2 -1
"656" 7 56 1 -1
"657" 7 57 2 1
"658" 7 58 2 -1
"659" 7 59 NA -1
"660" 7 60 2 1
"661" 7 61 2 1
"662" 7 62 1 1
"663" 7 63 1 1
"664" 7 64 2 1
"665" 7 65 1 1
"666" 7 66 1 1
"667" 7 67 2 1
"668" 7 68 2 -1
"669" 7 69 1 1
"670" 7 70 1 -1
"671" 7 71 2 -1
"672" 7 72 2 -1
"673" 7 73 1 -1
"674" 7 74 2 -1
"675" 7 75 1 -1
"676" 7 76 1 -1
"677" 7 77 2 -1
"678" 7 78 2 -1
"679" 7 79 1 -1
"680" 7 80 2 1
"681" 7 81 2 -1
"682" 7 82 2 1
"683" 7 83 1 -1
"684" 7 84 2 1
"685" 7 85 2 -1
"686" 7 86 1 -1
"687" 7 87 2 1
"688" 7 88 2 1
"689" 7 89 2 1
"690" 7 90 1 -1
"691" 7 91 2 -1
"692" 7 92 1 1
"693" 7 93 2 -1
"694" 7 94 1 1
"695" 7 95 1 -1
"696" 7 96 2 1
"697" 7 97 2 1
"698" 7 98 2 -1
"699" 7 99 2 1
"700" 7 100 1 -1
"701" 8 1 1 1
"702" 8 2 1 -1
"703" 8 3 1 -1
"704" 8 4 2 1
"705" 8 5 1 1
"706" 8 6 1 -1
"707" 8 7 1 -1
"708" 8 8 1 -1
"709" 8 9 2 1
"710" 8 10 2 -1
"711" 8 11 NA -1
"712" 8 12 1 -1
"713" 8 13 2 1
"714" 8 14 2 1
"715" 8 15 2 1
"716" 8 16 2 1
"717" 8 17 2 1
"718" 8 18 2 -1
"719" 8 19 2 -1
"720" 8 20 1 -1
"721" 8 21 2 -1
"722" 8 22 2 1
"723" 8 23 2 -1
"724" 8 24 2 1
"725" 8 25 1 -1
"726" 8 26 1 1
"727" 8 27 1 1
"728" 8 28 1 1
"729" 8 29 1 -1
"730" 8 30 2 -1
"731" 8 31 2 -1
"732" 8 32 1 -1
"733" 8 33 1 -1
"734" 8 34 1 -1
"735" 8 35 2 -1
"736" 8 36 1 -1
"737" 8 37 2 -1
"738" 8 38 2 1
"739" 8 39 1 1
"740" 8 40 2 -1
"741" 8 41 1 1
"742" 8 42 1 1
"743" 8 43 1 -1
"744" 8 44 1 1
"745" 8 45 1 -1
"746" 8 46 2 1
"747" 8 47 2 -1
"748" 8 48 2 1
"749" 8 49 1 -1
"750" 8 50 2 -1
"751" 8 51 2 -1
"752" 8 52 1 -1
"753" 8 53 2 1
"754" 8 54 1 -1
"755" 8 55 1 1
"756" 8 56 1 -1
"757" 8 57 2 1
"758" 8 58 1 -1
"759" 8 59 2 1
"760" 8 60 2 1
"761" 8 61 2 1
"762" 8 62 2 -1
"763" 8 63 1 1
"764" 8 64 2 -1
"765" 8 65 1 1
"766" 8 66 1 1
"767" 8 67 1 -1
"768" 8 68 2 -1
"769" 8 69 2 -1
"770" 8 70 1 1
"771" 8 71 1 -1
"772" 8 72 NA -1
"773" 8 73 2 -1
"774" 8 74 1 -1
"775" 8 75 1 1
"776" 8 76 2 1
"777" 8 77 2 1
"778" 8 78 2 1
"779" 8 79 2 -1
"780" 8 80 1 -1
"781" 8 81 2 1
"782" 8 82 2 1
"783" 8 83 2 1
"784" 8 84 2 -1
"785" 8 85 1 1
"786" 8 86 1 1
"787" 8 87 1 1
"788" 8 88 2 -1
"789" 8 89 1 1
"790" 8 90 1 1
"791" 8 91 1 1
"792" 8 92 1 1
"793" 8 93 1 1
"794" 8 94 1 1
"795" 8 95 1 -1
"796" 8 96 1 1
"797" 8 97 1 -1
"798" 8 98 2 -1
"799" 8 99 1 -1
"800" 8 100 NA 1
"801" 9 1 1 1
"802" 9 2 2 -1
"803" 9 3 1 1
"804" 9 4 1 1
"805" 9 5 2 -1
"806" 9 6 1 1
"807" 9 7 1 1
"808" 9 8 1 -1
"809" 9 9 1 1
"810" 9 10 1 -1
"811" 9 11 2 1
"812" 9 12 2 1
"813" 9 13 2 1
"814" 9 14 2 1
"815" 9 15 2 1
"816" 9 16 2 1
"817" 9 17 2 1
"818" 9 18 2 1
"819" 9 19 2 1
"820" 9 20 1 1
"821" 9 21 1 1
"822" 9 22 2 -1
"823" 9 23 1 -1
"824" 9 24 1 -1
"825" 9 25 2 -1
"826" 9 26 2 1
"827" 9 27 1 1
"828" 9 28 1 -1
"829" 9 29 2 1
"830" 9 30 2 -1
"831" 9 31 1 -1
"832" 9 32 2 1
"833" 9 33 1 -1
"834" 9 34 2 1
"835" 9 35 2 1
"836" 9 36 2 1
"837" 9 37 2 1
"838" 9 38 NA 1
"839" 9 39 2 -1
"840" 9 40 1 1
"841" 9 41 1 1
"842" 9 42 2 1
"843" 9 43 2 -1
"844" 9 44 1 1
"845" 9 45 1 1
"846" 9 46 2 -1
"847" 9 47 1 -1
"848" 9 48 1 1
"849" 9 49 1 1
"850" 9 50 1 1
"851" 9 51 2 1
"852" 9 52 1 -1
"853" 9 53 2 1
"854" 9 54 1 -1
"855" 9 55 2 1
"856" 9 56 2 1
"857" 9 57 2 -1
"858" 9 58 2 1
"859" 9 59 2 1
"860" 9 60 2 -1
"861" 9 61 1 1
"862" 9 62 1 -1
"863" 9 63 1 1
"864" 9 64 2 1
"865" 9 65 2 -1
"866" 9 66 1 1
"867" 9 67 2 -1
"868" 9 68 1 1
"869" 9 69 1 1
"870" 9 70 1 -1
"871" 9 71 2 1
"872" 9 72 2 1
"873" 9 73 1 -1
"874" 9 74 2 -1
"875" 9 75 2 1
"876" 9 76 2 1
"877" 9 77 2 1
"878" 9 78 2 1
"879" 9 79 2 1
"880" 9 80 2 1
"881" 9 81 2 -1
"882" 9 82 NA 1
"883" 9 83 1 1
"884" 9 84 1 -1
"885" 9 85 1 -1
"886" 9 86 2 -1
"887" 9 87 2 1
"888" 9 88 2 -1
"889" 9 89 1 1
"890" 9 90 1 -1
"891" 9 91 2 -1
"892" 9 92 1 1
"893" 9 93 1 -1
"894" 9 94 1 1
"895" 9 95 1 -1
"896" 9 96 1 -1
"897" 9 97 2 1
"898" 9 98 2 1
"899" 9 99 2 -1
"900" 9 100 2 -1
"901" 10 1 2 -1
"902" 10 2 1 1
"903" 10 3 1 1
"904" 10 4 2 1
"905" 10 5 1 1
"906" 10 6 1 1
"907" 10 7 1 1
"908" 10 8 2 1
"909" 10 9 1 -1
"910" 10 10 2 1
"911" 10 11 2 1
"912" 10 12 2 1
"913" 10 13 2 1
"914" 10 14 2 -1
"915" 10 15 2 1
"916" 10 16 1 1
"917" 10 17 2 1
"918" 10 18 2 -1
"919" 10 19 1 -1
"920" 10 20 2 1
"921" 10 21 2 -1
"922" 10 22 2 -1
"923" 10 23 1 1
"924" 10 24 1 -1
"925" 10 25 2 -1
"926" 10 26 1 -1
"927" 10 27 2 1
"928" 10 28 2 -1
"929" 10 29 1 -1
"930" 10 30 2 1
"931" 10 31 2 1
"932" 10 32 2 1
"933" 10 33 2 1
"934" 10 34 1 -1
"935" 10 35 2 1
"936" 10 36 2 -1
"937" 10 37 2 -1
"938" 10 38 2 1
"939" 10 39 2 -1
"940" 10 40 1 1
"941" 10 41 1 1
"942" 10 42 1 1
"943" 10 43 1 1
"944" 10 44 1 1
"945" 10 45 1 1
"946" 10 46 NA -1
"947" 10 47 1 1
"948" 10 48 1 -1
"949" 10 49 1 1
"950" 10 50 2 -1
"951" 10 51 2 1
"952" 10 52 1 -1
"953" 10 53 2 1
"954" 10 54 2 1
"955" 10 55 2 -1
"956" 10 56 1 1
"957" 10 57 1 1
"958" 10 58 1 -1
"959" 10 59 2 1
"960" 10 60 2 1
"961" 10 61 2 -1
"962" 10 62 1 1
"963" 10 63 2 -1
"964" 10 64 1 1
"965" 10 65 1 1
"966" 10 66 1 1
"967" 10 67 1 1
"968" 10 68 1 -1
"969" 10 69 1 -1
"970" 10 70 NA 1
"971" 10 71 2 -1
"972" 10 72 1 -1
"973" 10 73 2 -1
"974" 10 74 2 -1
"975" 10 75 1 -1
"976" 10 76 2 1
"977" 10 77 2 1
"978" 10 78 2 1
"979" 10 79 2 -1
"980" 10 80 2 1
"981" 10 81 1 -1
"982" 10 82 1 -1
"983" 10 83 2 -1
"984" 10 84 1 -1
"985" 10 85 1 1
"986" 10 86 1 1
"987" 10 87 1 1
"988" 10 88 1 1
"989" 10 89 1 -1
"990" 10 90 1 1
"991" 10 91 1 1
"992" 10 92 1 -1
"993" 10 93 1 1
"994" 10 94 NA 1
"995" 10 95 1 -1
"996" 10 96 1 -1
"997" 10 97 2 1
"998" 10 98 1 -1
"999" 10 99 2 -1
"1000" 10 100 2 1
"1001" 11 1 1 -1
"1002" 11 2 1 1
"1003" 11 3 1 1
"1004" 11 4 1 1
"1005" 11 5 1 1
"1006" 11 6 1 -1
"1007" 11 7 1 -1
"1008" 11 8 1 -1
"1009" 11 9 2 1
"1010" 11 10 1 -1
"1011" 11 11 2 1
"1012" 11 12 2 1
"1013" 11 13 1 -1
"1014" 11 14 2 1
"1015" 11 15 2 1
"1016" 11 16 2 1
"1017" 11 17 2 1
"1018" 11 18 2 1
"1019" 11 19 2 1
"1020" 11 20 2 -1
"1021" 11 21 2 -1
"1022" 11 22 1 -1
"1023" 11 23 1 -1
"1024" 11 24 2 -1
"1025" 11 25 1 -1
"1026" 11 26 1 1
"1027" 11 27 2 -1
"1028" 11 28 1 1
"1029" 11 29 1 1
"1030" 11 30 1 -1
"1031" 11 31 2 1
"1032" 11 32 1 -1
"1033" 11 33 1 -1
"1034" 11 34 1 -1
"1035" 11 35 2 -1
"1036" 11 36 1 -1
"1037" 11 37 2 1
"1038" 11 38 2 1
"1039" 11 39 1 1
"1040" 11 40 2 -1
"1041" 11 41 2 1
"1042" 11 42 2 1
"1043" 11 43 2 -1
"1044" 11 44 2 -1
"1045" 11 45 1 1
"1046" 11 46 1 -1
"1047" 11 47 2 -1
"1048" 11 48 1 1
"1049" 11 49 1 1
"1050" 11 50 1 1
"1051" 11 51 1 -1
"1052" 11 52 1 1
"1053" 11 53 1 -1
"1054" 11 54 1 -1
"1055" 11 55 2 -1
"1056" 11 56 1 -1
"1057" 11 57 2 1
"1058" 11 58 2 1
"1059" 11 59 1 -1
"1060" 11 60 1 -1
"1061" 11 61 2 1
"1062" 11 62 2 -1
"1063" 11 63 1 1
"1064" 11 64 1 -1
"1065" 11 65 1 1
"1066" 11 66 2 -1
"1067" 11 67 NA -1
"1068" 11 68 2 -1
"1069" 11 69 1 -1
"1070" 11 70 1 1
"1071" 11 71 2 -1
"1072" 11 72 1 -1
"1073" 11 73 1 -1
"1074" 11 74 1 1
"1075" 11 75 2 -1
"1076" 11 76 2 1
"1077" 11 77 1 1
"1078" 11 78 2 1
"1079" 11 79 1 -1
"1080" 11 80 2 1
"1081" 11 81 2 1
"1082" 11 82 2 1
"1083" 11 83 2 -1
"1084" 11 84 2 1
"1085" 11 85 1 1
"1086" 11 86 2 -1
"1087" 11 87 2 1
"1088" 11 88 1 1
"1089" 11 89 1 1
"1090" 11 90 2 -1
"1091" 11 91 1 -1
"1092" 11 92 1 1
"1093" 11 93 1 1
"1094" 11 94 1 -1
"1095" 11 95 1 -1
"1096" 11 96 1 -1
"1097" 11 97 1 -1
"1098" 11 98 2 1
"1099" 11 99 2 1
"1100" 11 100 2 1
"1101" 12 1 1 -1
"1102" 12 2 1 -1
"1103" 12 3 1 1
"1104" 12 4 2 -1
"1105" 12 5 1 1
"1106" 12 6 2 1
"1107" 12 7 1 1
"1108" 12 8 2 1
"1109" 12 9 2 1
"1110" 12 10 1 1
"1111" 12 11 1 1
"1112" 12 12 2 1
"1113" 12 13 1 -1
"1114" 12 14 2 1
"1115" 12 15 1 -1
"1116" 12 16 2 1
"1117" 12 17 2 1
"1118" 12 18 1 1
"1119" 12 19 2 1
"1120" 12 20 1 1
"1121" 12 21 1 1
"1122" 12 22 1 1
"1123" 12 23 2 -1
"1124" 12 24 2 -1
"1125" 12 25 1 1
"1126" 12 26 1 1
"1127" 12 27 1 1
"1128" 12 28 1 -1
"1129" 12 29 2 1
"1130" 12 30 1 -1
"1131" 12 31 1 1
"1132" 12 32 2 1
"1133" 12 33 2 1
"1134" 12 34 2 1
"1135" 12 35 1 1
"1136" 12 36 2 1
"1137" 12 37 2 -1
"1138" 12 38 2 -1
"1139" 12 39 2 -1
"1140" 12 40 1 1
"1141" 12 41 1 1
"1142" 12 42 1 -1
"1143" 12 43 1 1
"1144" 12 44 1 1
"1145" 12 45 2 -1
"1146" 12 46 1 -1
"1147" 12 47 1 1
"1148" 12 48 1 1
"1149" 12 49 1 1
"1150" 12 50 1 -1
"1151" 12 51 1 1
"1152" 12 52 2 1
"1153" 12 53 2 1
"1154" 12 54 2 1
"1155" 12 55 2 -1
"1156" 12 56 2 1
"1157" 12 57 1 1
"1158" 12 58 1 1
"1159" 12 59 1 -1
"1160" 12 60 2 1
"1161" 12 61 2 1
"1162" 12 62 2 1
"1163" 12 63 1 1
"1164" 12 64 1 -1
"1165" 12 65 2 -1
"1166" 12 66 1 -1
"1167" 12 67 2 -1
"1168" 12 68 2 1
"1169" 12 69 2 1
"1170" 12 70 2 -1
"1171" 12 71 2 -1
"1172" 12 72 1 1
"1173" 12 73 2 1
"1174" 12 74 2 -1
"1175" 12 75 1 -1
"1176" 12 76 1 -1
"1177" 12 77 2 1
"1178" 12 78 2 -1
"1179" 12 79 2 -1
"1180" 12 80 2 -1
"1181" 12 81 2 1
"1182" 12 82 2 -1
"1183" 12 83 2 1
"1184" 12 84 1 1
"1185" 12 85 2 1
"1186" 12 86 1 1
"1187" 12 87 1 -1
"1188" 12 88 2 -1
"1189" 12 89 1 1
"1190" 12 90 NA -1
"1191" 12 91 1 1
"1192" 12 92 2 -1
"1193" 12 93 NA -1
"1194" 12 94 1 1
"1195" 12 95 1 -1
"1196" 12 96 1 1
"1197" 12 97 1 1
"1198" 12 98 2 -1
"1199" 12 99 1 -1
"1200" 12 100 1 -1
"1201" 13 1 1 1
"1202" 13 2 1 1
"1203" 13 3 1 -1
"1204" 13 4 2 -1
"1205" 13 5 1 1
"1206" 13 6 1 1
"1207" 13 7 1 1
"1208" 13 8 1 -1
"1209" 13 9 1 -1
"1210" 13 10 2 -1
"1211" 13 11 1 1
"1212" 13 12 1 -1
"1213" 13 13 2 -1
"1214" 13 14 1 -1
"1215" 13 15 NA -1
"1216" 13 16 1 1
"1217" 13 17 2 1
"1218" 13 18 2 1
"1219" 13 19 1 1
"1220" 13 20 2 -1
"1221" 13 21 2 1
"1222" 13 22 1 1
"1223" 13 23 1 1
"1224" 13 24 1 1
"1225" 13 25 1 -1
"1226" 13 26 1 1
"1227" 13 27 1 -1
"1228" 13 28 2 -1
"1229" 13 29 1 1
"1230" 13 30 1 -1
"1231" 13 31 2 -1
"1232" 13 32 2 1
"1233" 13 33 2 1
"1234" 13 34 1 1
"1235" 13 35 2 1
"1236" 13 36 2 1
"1237" 13 37 2 1
"1238" 13 38 2 1
"1239" 13 39 1 1
"1240" 13 40 2 1
"1241" 13 41 1 1
"1242" 13 42 1 1
"1243" 13 43 1 1
"1244" 13 44 2 -1
"1245" 13 45 1 1
"1246" 13 46 1 1
"1247" 13 47 1 1
"1248" 13 48 2 -1
"1249" 13 49 1 -1
"1250" 13 50 1 1
"1251" 13 51 1 -1
"1252" 13 52 1 1
"1253" 13 53 1 -1
"1254" 13 54 1 1
"1255" 13 55 1 -1
"1256" 13 56 2 -1
"1257" 13 57 2 1
"1258" 13 58 2 1
"1259" 13 59 2 -1
"1260" 13 60 2 -1
"1261" 13 61 2 1
"1262" 13 62 2 1
"1263" 13 63 2 1
"1264" 13 64 2 -1
"1265" 13 65 2 -1
"1266" 13 66 1 1
"1267" 13 67 1 1
"1268" 13 68 1 1
"1269" 13 69 1 -1
"1270" 13 70 NA 1
"1271" 13 71 2 -1
"1272" 13 72 2 1
"1273" 13 73 2 1
"1274" 13 74 2 1
"1275" 13 75 1 -1
"1276" 13 76 2 1
"1277" 13 77 2 1
"1278" 13 78 2 1
"1279" 13 79 2 1
"1280" 13 80 2 -1
"1281" 13 81 2 1
"1282" 13 82 2 1
"1283" 13 83 1 -1
"1284" 13 84 2 1
"1285" 13 85 2 -1
"1286" 13 86 2 -1
"1287" 13 87 2 -1
"1288" 13 88 2 1
"1289" 13 89 1 1
"1290" 13 90 NA -1
"1291" 13 91 1 1
"1292" 13 92 2 -1
"1293" 13 93 1 1
"1294" 13 94 1 1
"1295" 13 95 1 -1
"1296" 13 96 2 1
"1297" 13 97 1 -1
"1298" 13 98 2 -1
"1299" 13 99 1 -1
"1300" 13 100 2 1
"1301" 14 1 NA 1
"1302" 14 2 1 -1
"1303" 14 3 1 1
"1304" 14 4 2 -1
"1305" 14 5 1 -1
"1306" 14 6 2 -1
"1307" 14 7 NA 1
"1308" 14 8 1 -1
"1309" 14 9 1 -1
"1310" 14 10 2 -1
"1311" 14 11 2 1
"1312" 14 12 2 1
"1313" 14 13 2 -1
"1314" 14 14 2 1
"1315" 14 15 2 1
"1316" 14 16 2 -1
"1317" 14 17 1 -1
"1318" 14 18 1 1
"1319" 14 19 2 1
"1320" 14 20 2 1
"1321" 14 21 2 -1
"1322" 14 22 2 -1
"1323" 14 23 1 1
"1324" 14 24 1 1
"1325" 14 25 1 -1
"1326" 14 26 1 1
"1327" 14 27 NA -1
"1328" 14 28 2 1
"1329" 14 29 1 -1
"1330" 14 30 2 -1
"1331" 14 31 2 1
"1332" 14 32 2 -1
"1333" 14 33 2 1
"1334" 14 34 2 1
"1335" 14 35 2 1
"1336" 14 36 2 1
"1337" 14 37 2 1
"1338" 14 38 2 1
"1339" 14 39 2 1
"1340" 14 40 2 -1
"1341" 14 41 2 1
"1342" 14 42 2 1
"1343" 14 43 2 -1
"1344" 14 44 2 -1
"1345" 14 45 2 -1
"1346" 14 46 1 1
"1347" 14 47 1 1
"1348" 14 48 1 -1
"1349" 14 49 2 1
"1350" 14 50 2 -1
"1351" 14 51 2 -1
"1352" 14 52 1 -1
"1353" 14 53 2 1
"1354" 14 54 1 -1
"1355" 14 55 2 1
"1356" 14 56 2 -1
"1357" 14 57 1 1
"1358" 14 58 2 1
"1359" 14 59 1 -1
"1360" 14 60 1 -1
"1361" 14 61 1 1
"1362" 14 62 NA 1
"1363" 14 63 2 -1
"1364" 14 64 2 -1
"1365" 14 65 2 -1
"1366" 14 66 2 -1
"1367" 14 67 1 1
"1368" 14 68 1 1
"1369" 14 69 1 -1
"1370" 14 70 1 1
"1371" 14 71 2 1
"1372" 14 72 NA -1
"1373" 14 73 2 -1
"1374" 14 74 NA 1
"1375" 14 75 1 1
"1376" 14 76 1 -1
"1377" 14 77 1 -1
"1378" 14 78 1 -1
"1379" 14 79 1 -1
"1380" 14 80 2 1
"1381" 14 81 1 -1
"1382" 14 82 1 -1
"1383" 14 83 2 -1
"1384" 14 84 1 1
"1385" 14 85 2 1
"1386" 14 86 1 1
"1387" 14 87 2 1
"1388" 14 88 2 -1
"1389" 14 89 2 -1
"1390" 14 90 2 -1
"1391" 14 91 2 1
"1392" 14 92 1 1
"1393" 14 93 1 1
"1394" 14 94 1 -1
"1395" 14 95 2 1
"1396" 14 96 2 1
"1397" 14 97 2 1
"1398" 14 98 2 -1
"1399" 14 99 2 1
"1400" 14 100 2 1
"1401" 15 1 1 1
"1402" 15 2 1 1
"1403" 15 3 1 1
"1404" 15 4 1 1
"1405" 15 5 1 -1
"1406" 15 6 1 1
"1407" 15 7 1 -1
"1408" 15 8 2 -1
"1409" 15 9 1 -1
"1410" 15 10 1 -1
"1411" 15 11 2 -1
"1412" 15 12 1 -1
"1413" 15 13 1 -1
"1414" 15 14 2 1
"1415" 15 15 2 1
"1416" 15 16 2 1
"1417" 15 17 1 -1
"1418" 15 18 2 1
"1419" 15 19 1 -1
"1420" 15 20 2 -1
"1421" 15 21 2 -1
"1422" 15 22 2 -1
"1423" 15 23 1 -1
"1424" 15 24 2 -1
"1425" 15 25 1 1
"1426" 15 26 1 -1
"1427" 15 27 1 -1
"1428" 15 28 2 -1
"1429" 15 29 1 -1
"1430" 15 30 1 -1
"1431" 15 31 1 -1
"1432" 15 32 1 -1
"1433" 15 33 1 -1
"1434" 15 34 2 1
"1435" 15 35 2 1
"1436" 15 36 2 1
"1437" 15 37 1 -1
"1438" 15 38 1 -1
"1439" 15 39 2 1
"1440" 15 40 NA -1
"1441" 15 41 2 1
"1442" 15 42 2 -1
"1443" 15 43 1 1
"1444" 15 44 1 1
"1445" 15 45 1 1
"1446" 15 46 1 1
"1447" 15 47 1 1
"1448" 15 48 1 -1
"1449" 15 49 2 1
"1450" 15 50 1 1
"1451" 15 51 1 -1
"1452" 15 52 1 -1
"1453" 15 53 2 -1
"1454" 15 54 1 -1
"1455" 15 55 1 -1
"1456" 15 56 2 -1
"1457" 15 57 2 -1
"1458" 15 58 1 -1
"1459" 15 59 2 1
"1460" 15 60 2 1
"1461" 15 61 1 -1
"1462" 15 62 1 1
"1463" 15 63 2 1
"1464" 15 64 2 -1
"1465" 15 65 1 1
"1466" 15 66 1 -1
"1467" 15 67 2 1
"1468" 15 68 1 1
"1469" 15 69 1 1
"1470" 15 70 2 1
"1471" 15 71 2 -1
"1472" 15 72 1 -1
"1473" 15 73 1 1
"1474" 15 74 2 1
"1475" 15 75 2 1
"1476" 15 76 2 1
"1477" 15 77 1 -1
"1478" 15 78 2 1
"1479" 15 79 2 1
"1480" 15 80 1 -1
"1481" 15 81 2 1
"1482" 15 82 2 1
"1483" 15 83 2 1
"1484" 15 84 2 1
"1485" 15 85 2 1
"1486" 15 86 1 1
"1487" 15 87 2 1
"1488" 15 88 2 -1
"1489" 15 89 1 1
"1490" 15 90 2 -1
"1491" 15 91 1 1
"1492" 15 92 1 1
"1493" 15 93 1 1
"1494" 15 94 1 -1
"1495" 15 95 1 1
"1496" 15 96 2 1
"1497" 15 97 1 -1
"1498" 15 98 2 -1
"1499" 15 99 1 -1
"1500" 15 100 1 -1
"1501" 16 1 2 1
"1502" 16 2 2 -1
"1503" 16 3 1 1
"1504" 16 4 1 1
"1505" 16 5 2 1
"1506" 16 6 1 1
"1507" 16 7 2 1
"1508" 16 8 2 1
"1509" 16 9 2 -1
"1510" 16 10 2 1
"1511" 16 11 2 1
"1512" 16 12 1 -1
"1513" 16 13 1 1
"1514" 16 14 NA 1
"1515" 16 15 1 -1
"1516" 16 16 2 1
"1517" 16 17 2 -1
"1518" 16 18 1 1
"1519" 16 19 1 1
"1520" 16 20 1 1
"1521" 16 21 1 1
"1522" 16 22 1 1
"1523" 16 23 1 1
"1524" 16 24 1 -1
"1525" 16 25 2 -1
"1526" 16 26 1 -1
"1527" 16 27 2 -1
"1528" 16 28 2 -1
"1529" 16 29 2 1
"1530" 16 30 2 1
"1531" 16 31 2 1
"1532" 16 32 2 -1
"1533" 16 33 2 1
"1534" 16 34 1 1
"1535" 16 35 2 -1
"1536" 16 36 1 -1
"1537" 16 37 2 1
"1538" 16 38 2 1
"1539" 16 39 2 -1
"1540" 16 40 1 -1
"1541" 16 41 1 1
"1542" 16 42 1 1
"1543" 16 43 1 1
"1544" 16 44 1 -1
"1545" 16 45 1 -1
"1546" 16 46 2 -1
"1547" 16 47 2 1
"1548" 16 48 1 -1
"1549" 16 49 2 -1
"1550" 16 50 1 -1
"1551" 16 51 1 1
"1552" 16 52 1 1
"1553" 16 53 1 -1
"1554" 16 54 2 -1
"1555" 16 55 1 1
"1556" 16 56 1 -1
"1557" 16 57 2 1
"1558" 16 58 2 -1
"1559" 16 59 2 1
"1560" 16 60 2 1
"1561" 16 61 2 -1
"1562" 16 62 1 1
"1563" 16 63 1 -1
"1564" 16 64 2 -1
"1565" 16 65 1 -1
"1566" 16 66 1 -1
"1567" 16 67 2 -1
"1568" 16 68 1 1
"1569" 16 69 2 -1
"1570" 16 70 1 1
"1571" 16 71 1 1
"1572" 16 72 1 -1
"1573" 16 73 2 1
"1574" 16 74 2 1
"1575" 16 75 2 1
"1576" 16 76 2 -1
"1577" 16 77 2 1
"1578" 16 78 2 1
"1579" 16 79 1 1
"1580" 16 80 2 1
"1581" 16 81 1 -1
"1582" 16 82 2 1
"1583" 16 83 2 -1
"1584" 16 84 2 -1
"1585" 16 85 2 -1
"1586" 16 86 1 1
"1587" 16 87 1 1
"1588" 16 88 1 1
"1589" 16 89 1 1
"1590" 16 90 1 -1
"1591" 16 91 2 1
"1592" 16 92 2 1
"1593" 16 93 2 -1
"1594" 16 94 1 1
"1595" 16 95 1 -1
"1596" 16 96 2 1
"1597" 16 97 2 1
"1598" 16 98 2 1
"1599" 16 99 2 -1
"1600" 16 100 1 -1
"1601" 17 1 1 -1
"1602" 17 2 2 -1
"1603" 17 3 1 1
"1604" 17 4 1 1
"1605" 17 5 1 1
"1606" 17 6 1 1
"1607" 17 7 1 -1
"1608" 17 8 1 -1
"1609" 17 9 1 1
"1610" 17 10 2 -1
"1611" 17 11 2 1
"1612" 17 12 1 -1
"1613" 17 13 2 1
"1614" 17 14 2 1
"1615" 17 15 2 -1
"1616" 17 16 2 1
"1617" 17 17 2 1
"1618" 17 18 1 -1
"1619" 17 19 2 1
"1620" 17 20 2 1
"1621" 17 21 2 1
"1622" 17 22 2 -1
"1623" 17 23 2 -1
"1624" 17 24 1 1
"1625" 17 25 1 1
"1626" 17 26 1 1
"1627" 17 27 1 -1
"1628" 17 28 1 1
"1629" 17 29 1 1
"1630" 17 30 2 1
"1631" 17 31 2 -1
"1632" 17 32 1 -1
"1633" 17 33 2 1
"1634" 17 34 2 1
"1635" 17 35 2 1
"1636" 17 36 2 1
"1637" 17 37 2 1
"1638" 17 38 2 1
"1639" 17 39 2 -1
"1640" 17 40 1 1
"1641" 17 41 1 -1
"1642" 17 42 2 -1
"1643" 17 43 2 -1
"1644" 17 44 1 1
"1645" 17 45 1 -1
"1646" 17 46 2 -1
"1647" 17 47 1 1
"1648" 17 48 1 -1
"1649" 17 49 2 -1
"1650" 17 50 1 1
"1651" 17 51 1 1
"1652" 17 52 1 -1
"1653" 17 53 2 1
"1654" 17 54 2 1
"1655" 17 55 2 -1
"1656" 17 56 1 -1
"1657" 17 57 1 -1
"1658" 17 58 2 1
"1659" 17 59 2 -1
"1660" 17 60 2 1
"1661" 17 61 2 1
"1662" 17 62 NA -1
"1663" 17 63 2 1
"1664" 17 64 1 -1
"1665" 17 65 2 1
"1666" 17 66 2 1
"1667" 17 67 2 -1
"1668" 17 68 2 1
"1669" 17 69 2 -1
"1670" 17 70 1 -1
"1671" 17 71 2 -1
"1672" 17 72 1 -1
"1673" 17 73 2 1
"1674" 17 74 1 -1
"1675" 17 75 2 1
"1676" 17 76 2 1
"1677" 17 77 2 1
"1678" 17 78 2 1
"1679" 17 79 2 1
"1680" 17 80 2 1
"1681" 17 81 NA -1
"1682" 17 82 2 -1
"1683" 17 83 2 -1
"1684" 17 84 2 -1
"1685" 17 85 2 1
"1686" 17 86 NA -1
"1687" 17 87 1 1
"1688" 17 88 1 1
"1689" 17 89 1 1
"1690" 17 90 1 1
"1691" 17 91 1 1
"1692" 17 92 1 1
"1693" 17 93 2 1
"1694" 17 94 1 -1
"1695" 17 95 1 -1
"1696" 17 96 2 1
"1697" 17 97 2 1
"1698" 17 98 2 1
"1699" 17 99 2 1
"1700" 17 100 2 -1
"1701" 18 1 2 1
"1702" 18 2 2 1
"1703" 18 3 2 1
"1704" 18 4 2 -1
"1705" 18 5 2 -1
"1706" 18 6 1 1
"1707" 18 7 1 1
"1708" 18 8 1 -1
"1709" 18 9 1 1
"1710" 18 10 1 1
"1711" 18 11 2 1
"1712" 18 12 2 1
"1713" 18 13 2 1
"1714" 18 14 2 -1
"1715" 18 15 1 -1
"1716" 18 16 1 -1
"1717" 18 17 2 1
"1718" 18 18 2 1
"1719" 18 19 1 -1
"1720" 18 20 NA 1
"1721" 18 21 2 -1
"1722" 18 22 1 -1
"1723" 18 23 2 1
"1724" 18 24 NA 1
"1725" 18 25 1 1
"1726" 18 26 2 1
"1727" 18 27 2 1
"1728" 18 28 2 1
"1729" 18 29 2 1
"1730" 18 30 2 1
"1731" 18 31 2 1
"1732" 18 32 2 1
"1733" 18 33 2 1
"1734" 18 34 2 -1
"1735" 18 35 NA -1
"1736" 18 36 1 -1
"1737" 18 37 1 -1
"1738" 18 38 2 1
"1739" 18 39 2 1
"1740" 18 40 2 -1
"1741" 18 41 2 -1
"1742" 18 42 2 -1
"1743" 18 43 2 1
"1744" 18 44 1 1
"1745" 18 45 2 -1
"1746" 18 46 1 1
"1747" 18 47 1 1
"1748" 18 48 1 1
"1749" 18 49 1 1
"1750" 18 50 1 -1
"1751" 18 51 1 1
"1752" 18 52 1 -1
"1753" 18 53 2 1
"1754" 18 54 2 1
"1755" 18 55 1 -1
"1756" 18 56 2 -1
"1757" 18 57 2 1
"1758" 18 58 2 1
"1759" 18 59 1 1
"1760" 18 60 2 1
"1761" 18 61 1 -1
"1762" 18 62 2 1
"1763" 18 63 2 -1
"1764" 18 64 2 1
"1765" 18 65 2 -1
"1766" 18 66 2 -1
"1767" 18 67 1 1
"1768" 18 68 1 1
"1769" 18 69 1 1
"1770" 18 70 1 1
"1771" 18 71 1 1
"1772" 18 72 1 1
"1773" 18 73 1 -1
"1774" 18 74 1 1
"1775" 18 75 2 1
"1776" 18 76 2 1
"1777" 18 77 2 1
"1778" 18 78 2 -1
"1779" 18 79 1 -1
"1780" 18 80 2 1
"1781" 18 81 2 1
"1782" 18 82 2 1
"1783" 18 83 1 1
"1784" 18 84 2 -1
"1785" 18 85 NA 1
"1786" 18 86 2 -1
"1787" 18 87 2 -1
"1788" 18 88 1 1
"1789" 18 89 1 1
"1790" 18 90 1 -1
"1791" 18 91 1 1
"1792" 18 92 1 1
"1793" 18 93 2 -1
"1794" 18 94 1 1
"1795" 18 95 1 -1
"1796" 18 96 1 1
"1797" 18 97 2 1
"1798" 18 98 2 -1
"1799" 18 99 1 -1
"1800" 18 100 NA -1
"1801" 19 1 NA -1
"1802" 19 2 1 1
"1803" 19 3 1 -1
"1804" 19 4 2 -1
"1805" 19 5 1 1
"1806" 19 6 2 1
"1807" 19 7 1 -1
"1808" 19 8 1 -1
"1809" 19 9 1 -1
"1810" 19 10 2 1
"1811" 19 11 2 1
"1812" 19 12 2 -1
"1813" 19 13 1 1
"1814" 19 14 2 1
"1815" 19 15 2 1
"1816" 19 16 1 -1
"1817" 19 17 1 -1
"1818" 19 18 2 1
"1819" 19 19 2 -1
"1820" 19 20 1 -1
"1821" 19 21 1 -1
"1822" 19 22 2 -1
"1823" 19 23 2 1
"1824" 19 24 1 1
"1825" 19 25 2 -1
"1826" 19 26 1 1
"1827" 19 27 1 1
"1828" 19 28 1 -1
"1829" 19 29 2 -1
"1830" 19 30 1 -1
"1831" 19 31 2 1
"1832" 19 32 2 1
"1833" 19 33 2 1
"1834" 19 34 2 -1
"1835" 19 35 2 -1
"1836" 19 36 1 -1
"1837" 19 37 2 -1
"1838" 19 38 1 1
"1839" 19 39 2 1
"1840" 19 40 1 1
"1841" 19 41 2 -1
"1842" 19 42 1 1
"1843" 19 43 1 1
"1844" 19 44 1 -1
"1845" 19 45 1 -1
"1846" 19 46 1 1
"1847" 19 47 1 1
"1848" 19 48 1 -1
"1849" 19 49 1 1
"1850" 19 50 1 1
"1851" 19 51 1 -1
"1852" 19 52 1 -1
"1853" 19 53 2 1
"1854" 19 54 2 -1
"1855" 19 55 1 1
"1856" 19 56 1 -1
"1857" 19 57 2 -1
"1858" 19 58 1 -1
"1859" 19 59 2 1
"1860" 19 60 1 -1
"1861" 19 61 2 1
"1862" 19 62 2 -1
"1863" 19 63 2 1
"1864" 19 64 2 -1
"1865" 19 65 1 1
"1866" 19 66 2 1
"1867" 19 67 2 -1
"1868" 19 68 1 -1
"1869" 19 69 NA 1
"1870" 19 70 1 -1
"1871" 19 71 1 -1
"1872" 19 72 NA -1
"1873" 19 73 2 1
"1874" 19 74 2 -1
"1875" 19 75 1 1
"1876" 19 76 1 -1
"1877" 19 77 1 1
"1878" 19 78 2 1
"1879" 19 79 2 -1
"1880" 19 80 2 -1
"1881" 19 81 1 -1
"1882" 19 82 1 -1
"1883" 19 83 1 -1
"1884" 19 84 1 -1
"1885" 19 85 1 1
"1886" 19 86 1 1
"1887" 19 87 1 -1
"1888" 19 88 2 -1
"1889" 19 89 1 1
"1890" 19 90 2 -1
"1891" 19 91 1 1
"1892" 19 92 1 1
"1893" 19 93 1 -1
"1894" 19 94 2 -1
"1895" 19 95 2 1
"1896" 19 96 NA -1
"1897" 19 97 1 -1
"1898" 19 98 NA 1
"1899" 19 99 2 -1
"1900" 19 100 2 -1
"1901" 20 1 1 1
"1902" 20 2 1 1
"1903" 20 3 1 1
"1904" 20 4 1 1
"1905" 20 5 2 -1
"1906" 20 6 1 1
"1907" 20 7 1 1
"1908" 20 8 1 -1
"1909" 20 9 2 1
"1910" 20 10 2 1
"1911" 20 11 2 1
"1912" 20 12 2 -1
"1913" 20 13 1 -1
"1914" 20 14 2 -1
"1915" 20 15 1 1
"1916" 20 16 1 -1
"1917" 20 17 1 1
"1918" 20 18 1 -1
"1919" 20 19 2 1
"1920" 20 20 2 -1
"1921" 20 21 2 -1
"1922" 20 22 1 1
"1923" 20 23 1 1
"1924" 20 24 2 -1
"1925" 20 25 2 1
"1926" 20 26 1 -1
"1927" 20 27 1 -1
"1928" 20 28 1 1
"1929" 20 29 1 1
"1930" 20 30 1 -1
"1931" 20 31 1 -1
"1932" 20 32 2 1
"1933" 20 33 2 1
"1934" 20 34 NA 1
"1935" 20 35 2 1
"1936" 20 36 2 1
"1937" 20 37 2 1
"1938" 20 38 2 1
"1939" 20 39 2 -1
"1940" 20 40 2 -1
"1941" 20 41 1 1
"1942" 20 42 1 1
"1943" 20 43 1 1
"1944" 20 44 1 1
"1945" 20 45 1 1
"1946" 20 46 1 1
"1947" 20 47 1 -1
"1948" 20 48 1 -1
"1949" 20 49 2 -1
"1950" 20 50 1 1
"1951" 20 51 1 -1
"1952" 20 52 2 -1
"1953" 20 53 1 -1
"1954" 20 54 1 1
"1955" 20 55 1 1
"1956" 20 56 2 1
"1957" 20 57 2 -1
"1958" 20 58 2 1
"1959" 20 59 2 1
"1960" 20 60 1 -1
"1961" 20 61 2 -1
"1962" 20 62 2 1
"1963" 20 63 1 1
"1964" 20 64 2 1
"1965" 20 65 2 -1
"1966" 20 66 2 1
"1967" 20 67 2 -1
"1968" 20 68 1 -1
"1969" 20 69 1 -1
"1970" 20 70 2 -1
"1971" 20 71 2 -1
"1972" 20 72 2 -1
"1973" 20 73 2 1
"1974" 20 74 2 1
"1975" 20 75 1 1
"1976" 20 76 1 -1
"1977" 20 77 1 1
"1978" 20 78 2 -1
"1979" 20 79 1 1
"1980" 20 80 1 1
"1981" 20 81 1 -1
"1982" 20 82 1 -1
"1983" 20 83 1 1
"1984" 20 84 2 1
"1985" 20 85 2 1
"1986" 20 86 NA 1
"1987" 20 87 2 -1
"1988" 20 88 1 1
"1989" 20 89 2 -1
"1990" 20 90 1 1
"1991" 20 91 2 -1
"1992" 20 92 1 -1
"1993" 20 93 1 1
"1994" 20 94 1 -1
"1995" 20 95 1 -1
"1996" 20 96 2 1
"1997" 20 97 2 1
"1998" 20 98 2 1
"1999" 20 99 2 -1
"2000" 20 100 2 -1
